-4.94149452982097
-0.000916914035500777
-0.000739946437581474
-0.00092925975645131
-0.000960044971972649
0.00121597434884853
-4.15630168774676e-05
-0.0001494120981912
0.00213629980249852
0.0017105222845922
0.000831246016836328
0.000881912045760335
0.00327739159747307
0.00303749910644716
0.000743465046037772
0.00106044531443341
0.000778752590766618
0.000728956327173374
0.00109564544172482
0.000909474909927085
0.00236315244718475
0.00164531492381744
0.00219648795450712
0.000459789510717696
0.00259561708976288
0.00233279807247469
0.00121915441515957
0.00103263482278786
0.0027218707886518
0.00291128227706577
0.0017738962738284
0.00211613925708278
0.0019592992300596
-0.000644946132822874
-0.000410956067108463
-0.00029506041796116
-0.000718968719366654
-0.00313523723017781
-0.00221916227847788
-0.000468212072739342
-0.000523704736782535
0.00318727987292424
0.00203945853379105
0.0015123862468783
0.00205307016174188
0.00482048538931691
0.00238422435656269
-0.000695447468233284
-0.00135780774895809
-0.000448720711891955
-0.00138190570489231
-0.0013820747643863
0.0016694593669032
