1.30641341119967e-32
1.60105456655431e-38
1.43240316959263e-36
3.05122733392505e-38
1.06825787031267e-38
8.52190279491866e-41
3.56140074375894e-38
3.13902531554432e-27
1.78699265176457e-41
0
4.87583475892098e-35
6.1725317138821e-35
6.1725317138821e-35
9.48930235857478e-28
1.89874840310987e-38
2.1669533818125e-38
1.91031100918267e-38
0
1.7693733646408e-38
1.78546654038741e-12
0.500166463107568
0.499833536892432
1.22727763625295e-27
2.15578655177304e-38
1.99143514719997e-28
7.35984569663049e-36
4.53959806603216e-36
1.08157216925208e-32
9.21840313908691e-37
2.14944855927221e-38
7.26594368070289e-39
2.22780545605762e-38
1.29193679859369e-18
4.64032591560493e-36
2.20415750329943e-38
1.97566675550715e-31
1.88550932303328e-31
2.01414523537387e-38
6.69773029291604e-36
4.72519479466497e-36
1.99158475740275e-38
1.673667646512e-27
1.98144886637915e-38
2.32994509223574e-38
1.04151180929912e-27
3.19522501509453e-39
1.39205198443781e-32
2.06597396430746e-38
8.42961637741569e-28
1.63361310147548e-41
3.15120027532733e-39
1.03856635547305e-32
7.59860679067925e-19
1.6595510468931e-38
1.83684801055894e-38
8.98580444115078e-35
8.98580444115078e-35
4.23003055880593e-41
1.92928773818816e-28
9.6931004232709e-28
2.87220808794096e-39
1.470836471191e-27
2.5223726734025e-28
2.20419969686275e-12
9.20139881173423e-28
8.86880810976726e-38
2.0951104065108e-38
4.34634945820433e-38
1.86419272410834e-38
9.70804852771191e-41
1.78971036183321e-41
1.2705489690902e-32
8.34502373508597e-28
1.07587622749608e-32
6.94608217280239e-19
2.0719645293639e-38
1.77717873702243e-39
1.86991553230611e-41
1.89369749073743e-38
1.86509257065303e-38
1.5397399932076e-38
1.40511531767837e-38
1.10354401296807e-32
1.24847189082415e-29
1.61550112528062e-38
1.82604694322506e-19
3.48027178670356e-22
2.35567763071883e-19
1.45861588602992e-32
3.67377560469136e-28
3.35808456182461e-39
5.09250076322303e-21
1.72786782586832e-27
2.662255653836e-28
1.54784797649958e-38
2.46065100522165e-38
4.33175540039397e-29
2.97312713996488e-28
2.7899919287902e-19
6.93756267796635e-39
1.54349810551751e-38
2.79295332715876e-31
6.30010902368444e-39
7.26795790952053e-41
1.99394221182201e-38
1.59814695200832e-41
5.64024876295066e-41
1.54713267150646e-41
1.74311652686033e-41
2.12189624630203e-28
8.26150170961808e-37
6.02133540522396e-26
3.07403342499066e-28
2.12120261022154e-36
1.19978151333435e-32
1.92269804615565e-32
9.22216032355134e-33
1.96992254326146e-29
1.80568504754571e-19
1.95374812149936e-41
2.93002736612877e-19
3.78988335168311e-39
1.04468049616281e-38
1.42042884066911e-25
3.22864910410782e-22
1.37852298926782e-39
3.04200982851251e-24
1.41762440536516e-38
1.82023412558677e-38
1.68445777527007e-41
3.54948891860353e-39
6.82769641581606e-39
8.34803020681585e-40
1.21261599314883e-39
2.26862697051966e-41
1.37265810694126e-39
2.29589848212854e-41
2.13006933272167e-40
1.98616190011085e-40
1.22828050989072e-40
2.77569759874093e-39
2.65033798108269e-41
1.65512072893535e-40
1.28880312989069e-40
1.74292697266405e-40
1.6579207096514e-40
1.22820658590817e-40
7.25809623642648e-40
8.54087870288044e-41
1.19220366842069e-40
2.72208194045395e-39
1.65301194193692e-39
4.02866835432022e-33
1.79599496306221e-41
1.32748339809705e-40
1.08730040189422e-38
2.81167569758452e-39
1.13783988199671e-40
3.32172664846927e-41
1.28473439912578e-39
1.24408912552405e-39
6.48911238714613e-38
2.54591093635827e-41
2.55086650531207e-41
1.63460918398475e-38
2.05470639180382e-41
1.87162469357768e-41
5.86492644137342e-41
3.03564153482241e-41
2.48931735970336e-41
1.05700276740456e-39
2.43356816980758e-41
2.54241707911216e-41
2.54093917621932e-41
1.24111761687068e-39
2.53725431081112e-39
5.92689372088962e-39
3.06053110689519e-39
2.57469318754825e-41
2.80147793018967e-31
1.17866281326583e-39
2.38925307265653e-41
2.37801258522334e-41
1.80767359511736e-41
2.64680464789138e-41
1.78089825335672e-41
1.84291634576611e-41
2.11673287059075e-39
2.36633954439971e-41
1.92916201468608e-41
2.33245919935368e-35
1.71171311824932e-27
1.33099782833553e-39
4.50947075915413e-24
1.8945598588661e-41
2.4706207031772e-38
1.88231784620804e-41
2.38277508281733e-39
1.52262420367637e-38
6.43999816738695e-39
6.23263729045465e-38
1.23406366539576e-39
4.23304596721993e-41
1.53154167689836e-40
5.08880816746339e-41
8.42371411155956e-41
1.52615116021881e-40
1.71782264161478e-41
2.32109974316972e-41
1.80798431131844e-41
2.04725280939566e-39
4.37996855225893e-34
1.22803324315283e-38
1.07971179495508e-38
3.36422617081911e-41
2.17022992822256e-39
2.36232062237967e-39
9.6027842140594e-39
4.06755908666731e-31
7.08294638679981e-33
7.15091808884398e-31
6.87532548481915e-33
6.82708060208095e-33
1.50035983655496e-35
9.26329739173002e-33
7.38563955297206e-33
2.12166943574027e-30
5.9904795997052e-35
3.12493832389783e-30
2.88958394827298e-30
2.50350957209752e-30
3.01780545893132e-30
3.17121302281587e-30
3.16309678310059e-28
2.48890350083612e-30
1.47051021953315e-30
5.61446463105913e-41
2.47594875643925e-36
2.10627607054112e-39
2.1937301455059e-39
1.16252112464587e-31
2.16899773441109e-39
2.55158878281491e-39
1.28900451284177e-28
7.22489283342991e-24
1.06193650863972e-32
3.08692245628187e-29
4.60024797160538e-39
4.10004930942617e-41
5.48659863978838e-35
8.34544886167821e-30
1.31053788498354e-35
4.87177967711554e-28
1.77585966163432e-34
2.19661181629953e-33
4.42150190217787e-37
1.61188000218169e-34
2.23228023114173e-24
1
2.02011385487015e-26
3.01962822754942e-41
7.54736246330345e-39
1.00635522340583e-37
2.95664880598824e-41
1.11387888606295e-40
1.27834909913047e-37
2.85154212327036e-41
3.12802511531886e-41
2.59761818301692e-41
2.09515700485714e-40
3.97206902448509e-15
0.663636237721012
0.336363762278988
1.16614335157841e-38
1.68784469866879e-10
1.12944927936424e-34
1.62808654684091e-10
1.68448182035508e-29
0
2.69172018662943e-41
0
2.04234052564302e-40
2.69972766787349e-40
1.37085489565624e-40
1.73077400736952e-40
5.03829816217009e-15
3.33040153860036e-29
9.17932355727867e-38
1.2593220299053e-36
3.94947429288511e-40
3.80354807249091e-40
1.80403983708223e-32
1.88105446633282e-26
1.61890700328715e-41
1.67543447437938e-41
1.48666201556675e-40
2.87766339831452e-12
4.15412655124046e-30
1.33089573834613e-23
4.44689093128925e-41
6.24035071830715e-36
5.02589003072497e-36
1.54464404812938e-11
1.36769563051389e-40
3.96634178351002e-31
8.11822449463864e-37
7.72321241580642e-36
1.9334578422608e-41
4.77264523165994e-36
6.6651015891451e-40
1.41115252479691e-40
1.15742901432026e-22
2.48916741221557e-26
2.29467561352919e-38
1.7461564391226e-31
2.65579170063439e-38
4.63164346539622e-35
1.40245457958491e-34
6.90175313770687e-39
0
1.06312782008476e-39
8.56669280289906e-23
3.22688893231935e-33
7.56360113408473e-36
4.69743828839427e-36
1.63513777172663e-41
5.06277692703678e-20
7.25522997039045e-14
1.34867166008644e-39
8.85021158174937e-41
2.2819082459912e-41
1.7101325560822e-26
2.16717535372108e-41
3.0045036127971e-34
2.23855893930465e-41
1.62651069409296e-26
2.20301570934559e-41
4.51324180565938e-32
2.23295367302723e-41
2.22820665389658e-41
2.27779426764952e-41
4.03044968818465e-39
2.25116649305601e-41
2.19804990912738e-41
2.25341844451587e-41
2.24068605129132e-41
1.55342186035796e-41
3.70349796752926e-38
1.52867765818085e-41
1.67439901261994e-25
7.75904484241747e-27
7.97528358288218e-30
1.38854360755821e-33
1.67460444884622e-28
8.74979900208009e-36
5.09853116359853e-30
5.21610674578082e-30
5.10876226242342e-39
1.56064860745751e-41
2.37269808650705e-36
1.13901169016085e-39
2.76278975325359e-40
4.91583083771447e-34
9.35552548684878e-40
9.92560797757718e-34
1.55245820644842e-41
2.69854158317839e-41
1.43269924101704e-33
1.64695727624098e-37
2.98836052382769e-35
1.69752904373976e-37
4.76584194721772e-38
1.5883841406148e-37
9.36828780609161e-40
6.13217849504667e-38
3.21793478260716e-39
1.73830254620662e-41
1.66618551495243e-41
1.22372990955277e-28
8.010558471337e-41
5.70268902796712e-38
2.54304665397747e-41
1.25015863918943e-36
8.01848095125757e-38
4.62854038667253e-39
4.15242489832571e-41
3.0080648336683e-37
1.91210540328601e-39
2.49254270864135e-41
2.83953647280649e-41
7.86659938257538e-39
2.87135647139156e-41
1.84871762724921e-39
2.92360373134846e-41
4.56474067485569e-39
2.92508990973745e-41
7.08985566457708e-40
2.7720472187101e-41
1.22313241029127e-11
1.84512988852009e-41
1.10544096195591e-39
2.73473404000736e-41
2.7562526611286e-41
2.74539563506583e-41
5.82504433226792e-38
3.01125859501879e-41
1.28354910610721e-39
1.17990668251449e-39
2.99254750366885e-41
2.81494089622847e-41
4.6153608253018e-32
2.87731780761352e-41
2.90986443538695e-41
3.25618172499293e-41
1.86254953469671e-30
6.78337775229169e-40
7.43415419236242e-41
1.37773705934326e-38
7.88891984035198e-38
2.07622074816346e-41
1.84663564048578e-39
1.4729456424758e-39
1.82183201582937e-39
5.41221404086391e-38
2.87507784503945e-38
5.79940753745142e-40
1.88537945262121e-41
3.86417916988624e-31
1.49706781280758e-30
2.87861269256068e-28
2.2445825876573e-30
1.33934138188257e-39
6.59477210872897e-41
2.15934858096446e-41
2.25363280273543e-41
1.82173441038131e-41
4.2071882430242e-35
2.30925627152752e-41
7.29833684978919e-40
1.97753919038403e-41
3.48426998190071e-21
2.49864359563049e-41
1.89463735775828e-24
3.35461438969129e-27
2.77116571447631e-26
5.41592765775631e-40
9.83429789093208e-41
7.36004113475192e-41
9.15454484649852e-41
1.77652175855502e-39
7.37657366553926e-24
2.74818584938642e-35
2.3271534709897e-38
1.0102269805042e-30
9.55901612493764e-37
1.14202691931772e-36
5.38813057245004e-41
2.16637342798202e-41
1.75704801564952e-39
2.955216512596e-25
1.74589258871799e-27
0
0
1.01797874747321e-26
1.81078578584375e-40
0
3.02250095130099e-40
4.03704227801765e-40
3.88751542334781e-40
2.82775795154066e-41
3.20458104695772e-40
4.68551172175075e-40
3.30134941142278e-41
2.04390061492408e-27
0
3.87481258199364e-40
9.7218901818746e-33
5.17717191907725e-40
3.9911913713631e-40
2.04679587841191e-40
3.31787810508452e-40
5.75749099225394e-23
1.70360860802648e-41
3.16998373623743e-40
3.0574116351416e-41
4.21955205186163e-40
6.17085078674455e-40
2.29517973838709e-40
6.99492937439367e-40
7.39107531148563e-38
3.34848701330029e-40
3.4886365184128e-39
5.59146043592566e-40
6.05263747097569e-39
3.2509388232669e-30
1
1.22760426145634e-40
6.49112302420553e-22
1.68352587826733e-41
1.69462710488302e-41
1.8032466702007e-39
1.65543297933409e-41
0
6.01546662004096e-36
1.66327143533782e-41
2.30614832668214e-36
1.64851954064932e-41
1.71031539878959e-41
1.67277469246494e-41
4.90821869667819e-14
5.93960020938018e-35
4.51594545533201e-41
1.18932101294017e-39
1.9147015110842e-41
1.70782004565999e-41
3.69740629560212e-33
2.77937975553717e-40
1.01944553426137e-40
5.94842492545732e-23
1.63753223880263e-41
5.16616691025339e-41
1.94533510684647e-41
3.85819928178205e-34
2.42994103434148e-41
1.46030878876175e-32
1.24187558273168e-22
4.63900463496216e-33
1.14732485324983e-28
6.61085653257167e-38
5.10566887467057e-39
2.26781707372766e-40
0
5.5801282194522e-38
6.95682489826231e-33
9.02258550782246e-32
9.60239848905615e-32
8.54992389082661e-29
8.33026662198852e-39
7.90962206687641e-40
4.48803990272552e-40
9.25678461734835e-36
7.12469210619322e-41
2.09064108337139e-41
1.94137288868917e-41
1.94699078784869e-41
2.22315931618954e-41
2.58291050909612e-41
3.27372762092935e-41
2.16518382075942e-41
4.62205245167033e-39
2.84387668545096e-41
1.57656324643779e-25
3.00297409865253e-41
1.74625202674866e-24
4.33639819583756e-40
1.79483863097689e-41
2.43999768044564e-39
1.38390558212292e-34
4.30158296728457e-35
7.01655337407043e-41
1.38552395972341e-34
2.97276182476033e-38
7.40720144380165e-40
3.60143397360175e-34
2.08191380456301e-34
8.49793856623718e-34
3.18315450709155e-31
2.45263134703179e-22
2.58014847337247e-32
1.3081414292092e-33
4.15776467886252e-41
0
1.17946893364864e-09
2.32770709756285e-33
1.12593900102582e-11
0
7.43386314752468e-40
2.51353194959095e-22
9.3438899445269e-41
1
2.30844685203411e-36
2.11999010743298e-39
1
9.20400573784268e-40
0.999999998820531
6.86283196854074e-29
3.51122665978634e-40
1.03358581037237e-31
1.09852256035084e-26
5.05754180289113e-27
4.07995485834234e-28
4.38982898109621e-25
2.90410092882905e-28
2.32218415387488e-34
9.45649287459201e-28
1.11252558900735e-40
2.41125891118572e-23
2.84205398207254e-32
3.23343212204337e-32
1.72350760445865e-40
2.17751096299959e-30
1.83466082606034e-31
3.45236912926604e-31
2.01722114180473e-30
6.67838328735045e-27
7.1426593642695e-40
5.64694160900329e-31
3.07463494924189e-34
8.31296079546472e-40
2.34491957757354e-34
3.82711470586472e-34
0
9.52841940319283e-36
2.95623657545845e-30
3.75046005409713e-34
1.69443212789697e-31
3.51266885999155e-40
4.52835478449836e-41
4.42391365558229e-40
3.06196249937168e-36
4.93970564598482e-40
4.69815590671295e-40
4.25006117175815e-40
4.56861861911249e-40
4.60457395787005e-40
4.11443686575488e-40
4.10847211733939e-40
1.82119182999204e-19
5.95616482113382e-41
4.5635626563152e-40
3.44391258392758e-41
4.48640473393775e-40
1.01536554115332e-40
8.87283962674544e-41
1.38068033914131e-33
6.82700108263741e-38
2.28404348089699e-05
7.68606070583535e-27
3.55477961509486e-26
3.55431772967966e-26
0.000318212580508425
1.39091145685398e-07
0.000170377271154869
2.96898708658589e-40
3.06059888951361e-40
5.11779875184233e-41
5.46552364035277e-41
1.4378993730338e-07
0.000182348464328549
0.000191882107639003
8.74678443542127e-41
2.32058203071684e-33
2.62599887431689e-26
2.62770848698158e-26
0
3.08104855217226e-40
6.50699217001631e-26
5.42312849806177e-41
3.45021959342589e-41
2.98541186043615e-41
5.2065928395475e-41
0
0
3.87942743834657e-41
4.67671396931581e-41
4.67813634791112e-41
4.69096850366346e-41
4.94850916219763e-41
9.14754122558905e-30
4.21574617985462e-40
5.00490893564908e-41
4.28555483356598e-40
0
3.99405693393234e-41
0
4.0154339903053e-41
1.59259112354733e-33
4.96257173773695e-41
4.96436601988984e-41
0
1.27973395152647e-41
5.07821394126108e-41
3.93303522211295e-41
0
1.45889247963292e-41
0
5.89263697527897e-39
5.54665327844231e-41
3.77227485510614e-33
0.000497919425789932
1.72360583730758e-41
8.87861143174376e-41
5.30124172380992e-41
5.1142583034955e-41
5.32820395196095e-41
6.90403259919823e-38
4.75936625045782e-40
4.91850971308164e-41
0
7.89018140881957e-40
4.45046210746001e-41
4.47498293871585e-41
4.16403076891408e-32
4.44264253293676e-41
5.24959666085534e-39
2.07973986767145e-27
9.64040967416395e-29
2.1059682444206e-38
4.76654177166597e-41
1.20307742427999e-34
5.02829894711072e-41
1.35501469590775e-34
2.92483495808438e-28
8.04650172475749e-27
1.03563044537347e-26
1.0735329517173e-26
3.56973432626387e-41
7.43605277188468e-29
1.42128338178377e-33
5.3344717639374e-40
5.01871759514876e-40
2.38481238616777e-26
1.85581541788802e-34
5.17996128395251e-41
2.45585863148916e-33
1.00137484289071e-34
2.5815189643217e-26
5.19824894073106e-41
1.43952234105197e-33
4.28397661998754e-34
1.19626197144949e-26
0.000754649687526337
0
0.00123985680758793
2.92090876131637e-25
2.86891499310477e-41
9.09195284073698e-40
1.46506436170523e-29
3.33180648446109e-41
1.22821198556465e-38
2.66012816973375e-27
5.11867602076507e-31
2.05686023488922e-30
9.74006958627442e-10
2.54166182367236e-40
2.04680593857962e-38
1.59802269168315e-41
6.3595895144765e-39
5.433965562235e-27
1.63309927792822e-40
5.02383831717493e-27
1.63372650915043e-28
0
0
2.51158152867778e-11
2.45133547735334e-39
6.2808090653968e-17
7.40881573527027e-40
5.7111671848519e-35
1.80065137150529e-38
3.81850414731763e-26
9.72036782746707e-17
1.32472938506333e-38
3.19757302349811e-39
6.12290285465053e-41
8.94904022407399e-24
5.60017017133785e-18
6.69772970103586e-32
4.17987389425621e-39
1.69365638570502e-39
2.47095080707571e-29
1.01571898098233e-32
6.18961145401138e-28
1.37354403356893e-39
2.16771786806052e-40
6.01637666531581e-41
5.08667507543532e-41
4.46801140634382e-36
4.96959498547779e-26
3.14128123558194e-37
4.31763876458625e-14
6.58390703116033e-33
3.3809138450357e-28
3.01472527568272e-40
1.58772707049204e-36
2.70672734808231e-40
2.30814598490972e-35
0.355677525941918
7.09399910127693e-19
7.83579605469149e-39
3.23976831652903e-39
6.2943970506032e-36
9.23149994654553e-31
2.07898866687174e-41
2.7676708976742e-30
3.0923144893688e-31
9.89226485480374e-37
4.3709685968355e-41
1.27416229627884e-36
1.29955767422891e-36
0.644322474058082
3.02671983613263e-37
1.58230711725581e-40
2.73893341670911e-41
9.2089363939053e-39
7.46820053130654e-39
1.64989442890716e-38
1.97269142547181e-39
6.76687899061991e-38
5.63805708116655e-29
4.36831939453831e-35
3.14426938420244e-31
8.95415074267322e-41
2.00493782716681e-32
6.27602844535105e-37
1.90508574594284e-32
1.67787095977265e-31
4.50696841756255e-34
6.26170481331457e-13
3.27212714791233e-29
2.86367566007948e-35
5.00574327315988e-32
4.93550838135881e-32
7.25800874212481e-32
6.89041428401628e-40
1.07918850814571e-25
1.68166961558539e-23
1.98081673224908e-41
5.38405691852382e-24
6.72667128920134e-32
9.92531216550503e-41
4.62344160317914e-33
5.90150188722886e-41
1.05718397401947e-27
9.56146226312904e-25
2.12957324446913e-41
4.42095509054362e-41
2.30844363015558e-35
2.48349416149292e-18
2.99082692162146e-32
1.97507276805087e-35
3.14405780396315e-32
2.60265301215461e-18
6.7004058943499e-32
3.0377968479288e-18
3.14442577991129e-29
3.61817477918135e-31
9.67766571095662e-39
1.94166183643475e-26
3.13015507499285e-35
4.02288219682725e-35
1.70491934882162e-34
0
5.5655128165322e-30
4.2038541082362e-25
3.35054170692099e-12
2.94156196626785e-32
2.02456371879437e-35
3.19999864596274e-32
2.19010569592478e-32
2.44803271277982e-29
8.35518912741729e-37
2.77307525838437e-24
5.47465559067194e-39
1.16721250511031e-23
6.07270143797333e-27
3.09986096172029e-27
6.52349044366937e-29
1.68087682754418e-29
1.0067315532918e-28
9.23475629351998e-30
5.50361674016617e-27
4.96057855858254e-27
4.94210945696616e-27
8.21086357968743e-27
3.96217192502297e-27
4.45691712263762e-40
4.41788106705996e-38
1.57875246856263e-26
2.16150444157691e-28
3.88845961166712e-27
0.99649167383416
8.69567682205475e-27
4.92350205383629e-27
4.76891199704351e-27
7.23617996441951e-23
1.05995769074692e-20
0
1.1113213993369e-05
1.39154646743975e-15
4.56424770346446e-39
1.61917689646784e-05
1.43805574556372e-40
2.61496092175914e-37
2.4756358094388e-06
1.58655847157814e-33
4.79835266480723e-37
1.0458894665433e-35
3.99320355042629e-40
1.10927503896004e-34
1.55436276939739e-22
1.77032340801271e-41
1.91159717096494e-40
3.66012420863025e-41
1.78991034205677e-40
8.77925199064796e-41
2.28816833400936e-37
5.85293769662408e-35
1.23190720706971e-38
4.00799755858303e-35
3.66292595682506e-35
1.81434376767581e-33
3.29775741820447e-35
1.89275825312501e-33
2.2549266208072e-33
1.05976292539614e-35
3.48368228658037e-33
3.24273712785552e-33
1.34055915287584e-35
1.83170962579804e-33
2.85563071026329e-33
4.77250818016908e-33
1.8078058468081e-39
1.8577034103124e-39
1.54291653232594e-41
4.56485307066865e-33
4.38126197646041e-33
5.59538653535039e-39
1.39608080503224e-38
9.86017275209917e-36
6.15496269859598e-33
1.45453804089603e-34
5.84717811865873e-33
2.23722792139893e-41
5.8873452081532e-33
1.27135833289971e-37
1.59858106945502e-40
2.22183970521636e-33
3.102035529281e-41
6.05987870701485e-34
2.88529529250143e-35
5.48000633858542e-34
4.18454548463044e-35
6.25824462627731e-34
3.41074613894223e-39
1.61651872894561e-38
1.94456153181318e-34
1.16529225933624e-34
6.12991459479883e-39
1.18606709231408e-34
5.01707004775759e-37
1.55489587361755e-41
1.137285852875e-34
3.94746299309467e-41
5.42569895948966e-39
3.61636011728387e-39
6.20722991351998e-39
1.88369453297776e-34
1.26541185689455e-35
3.62773090424972e-39
1.18291749478219e-40
1.26293355940711e-34
3.06664583808205e-39
3.8347236101916e-39
1.52535126465698e-31
4.46393170994732e-35
2.09296483646229e-34
2.28202934300032e-32
2.29482196182033e-32
4.09682092008462e-41
1.54027689831541e-41
5.88751507259628e-40
5.88959010378193e-40
1.40394608242672e-40
2.74759666813067e-41
7.46226283090533e-40
2.36989516614958e-32
1.28434154406868e-39
2.23972333570193e-32
1.7333752995209e-41
2.5556992460646e-32
5.02837812455918e-34
6.17315695890628e-37
2.8729956025637e-41
0
5.35126578627737e-39
1.13380880828385e-35
1.81630232925542e-39
1.26605267386951e-31
2.65085152159135e-41
1.32608998562689e-31
5.26301739479076e-31
8.34277990830508e-32
2.712470182003e-41
2.1138238585581e-32
1.48640601117503e-31
2.7293797173378e-41
8.34433442797331e-38
1.64309625726179e-31
1.63625049666821e-41
1.76905563739856e-31
8.28140105001662e-39
1.76553500311397e-31
2.87706305364152e-31
1.77665861614676e-31
2.02710969535045e-27
1.35628925306878e-31
3.71552104971648e-31
1.67854180509312e-41
3.22571615986243e-41
4.47208092430174e-31
4.36564981991331e-33
1.68686699920019e-31
2.10198068401794e-31
1.88540109089071e-31
1.33494196105896e-34
2.22432646968357e-41
2.84767503938401e-31
2.78629740410103e-41
1.79084434506725e-39
3.23610150071707e-31
1.18173427837983e-40
3.31308754026558e-31
1.2295909504385e-34
5.02434817651813e-38
3.09345322856603e-31
2.75029132802567e-41
2.58927072684345e-31
8.11926312617317e-35
8.1976320551047e-35
3.60770964150771e-35
3.71002012326069e-35
2.49493945552663e-41
1.71637062940275e-35
2.81487838224153e-41
3.46763684770353e-35
2.71862817977504e-28
5.9360349929856e-35
3.67762908915819e-41
2.42992218172546e-41
3.94416495062666e-37
3.47583746678405e-41
2.623773821859e-27
4.67467377397696e-41
8.79059826841085e-39
5.90387519315882e-37
8.42453869936632e-35
2.04245795973244e-37
1.08254551405619e-34
6.22815410070425e-37
3.50210165023738e-41
2.00796785719677e-23
6.51213289805809e-37
3.48537666944284e-41
3.40777134998844e-41
3.55004446076988e-41
9.36099327112182e-39
3.64745905852809e-41
9.94075622352698e-39
7.38100624888013e-37
8.66218691589253e-37
9.13868832911204e-37
8.09326026626172e-37
8.43315811835702e-37
5.67000268642408e-41
1.20191616333301e-38
8.55513729104251e-37
4.04911724112613e-37
4.15724548853382e-37
4.13495156324133e-37
4.16819715616393e-37
4.16895582781149e-37
2.50565684014584e-30
1.66685784949599e-41
4.54784639317001e-33
6.49147277398423e-40
7.67704667126916e-35
1.78350114362461e-41
7.32910262326636e-35
1.27742931445694e-35
3.54941811733285e-35
3.81888042790197e-37
1.29068666114856e-35
8.5134802450608e-36
8.32846319747039e-36
8.67881138393439e-36
8.61643903072242e-36
8.5082555192199e-36
1.71328890134424e-41
8.38019783608092e-36
8.73162111967478e-36
2.93705855096402e-34
8.32846192686878e-36
7.63465937385338e-36
0.000100058575953534
8.15811671992847e-36
1.2130426441336e-35
8.03535361598624e-36
3.06712136425312e-34
8.48893393376661e-36
9.73251971662852e-37
8.41921851861022e-36
8.16241306886726e-36
1.003464066094e-35
9.70821998219599e-36
8.74130081638708e-36
8.9841403222035e-36
3.57322142338795e-34
9.39940969105363e-36
1.65075940552522e-41
9.33226055251456e-36
2.99324165086143e-34
6.52111515595721e-35
1.11132785858938e-36
9.59762858612285e-36
9.05984979481594e-36
8.36141600570337e-36
1.02383238485917e-35
7.82928056897736e-36
7.93727723249977e-36
4.07404445532189e-41
1.84836814053905e-40
5.95997881128114e-36
7.3371976971241e-36
6.19208757562245e-36
4.00154647605347e-41
1.02409098539432e-35
8.94481869776254e-36
1.00108640217765e-35
1.21996550125838e-36
4.80014213474911e-41
1.65415620175622e-35
1.03857654603686e-35
1.06059450979349e-35
4.15282684961295e-40
1.19101347768483e-35
1.70784771290616e-41
1.18564017341458e-35
1.21119944130574e-35
7.70595275289626e-41
1.88924929120535e-34
5.42565952654764e-40
1.58645147755094e-32
9.13356643572032e-36
2.88192125288773e-35
2.60875097215793e-35
3.33068207039292e-36
2.49151442476072e-34
4.34019964443572e-39
1.88994885543681e-33
4.97878190407153e-34
2.75001191358757e-34
7.14186445398e-35
1.78893685280536e-35
2.93098968001906e-36
1.74016995959663e-35
2.06589055132409e-35
4.4918937796303e-41
2.05553952618797e-29
2.07465929259548e-35
1.55850327999265e-40
4.39798718993313e-41
3.09413228176877e-34
1.74704831229451e-41
1.32184956378802e-36
3.13029261604648e-41
2.67678951402958e-34
2.83571527033897e-36
1.9510945319415e-36
2.00841388401318e-41
1.3674040446559e-37
1.62165510401794e-41
1
7.57185504234031e-41
1.66014324960215e-41
4.75319488425221e-41
4.66950895872426e-41
7.93858313114054e-37
1.22838791541873e-35
2.72692499037151e-34
2.75809650617878e-35
7.21331768303639e-36
2.14407016898796e-36
5.38010521329979e-36
4.64856445867428e-41
4.75837027288097e-41
7.92006432112099e-36
2.60561221516387e-36
2.70509050861776e-41
5.62489471025132e-36
3.61267426481487e-36
1.78270841611998e-36
3.41767061421074e-38
8.37294785544271e-36
5.65755140136342e-25
3.49013082197236e-36
5.43626119928363e-37
1.67246583720974e-41
6.4203769063019e-37
1.34953353902821e-35
3.92320681279705e-37
1.71100631555871e-41
7.27618326657045e-30
5.32084139322252e-41
1.78947173607929e-41
3.08293144343849e-41
1.56276235633493e-31
2.70640737661767e-36
2.80284884048005e-37
6.48858599002486e-36
2.67091032458784e-35
6.31896235662465e-36
4.83835783786371e-37
3.40223289276715e-34
3.48903847839843e-30
1.0571747788156e-35
4.252185757134e-41
6.25422109460403e-36
3.9988794104394e-34
4.06559534369496e-37
5.55542140685123e-34
4.80237513323848e-37
1.0160814969119e-40
1.57505357093661e-36
3.90988332035122e-41
1.06531038706296e-38
4.89439597590893e-41
2.27403200318224e-41
2.44637320420611e-40
1.52074560538687e-38
2.43947261067857e-40
3.53486834776593e-34
1.52056247990128e-40
2.36759332791715e-40
1.89858177963106e-40
4.57492349968933e-41
3.23217389239561e-41
2.72219201001311e-40
2.3062645600516e-40
4.47768463665428e-41
4.47082243270813e-41
2.28789074910296e-40
4.48432128305523e-41
2.69184411185152e-40
2.75123041360506e-40
2.07136567103258e-40
2.23896417437794e-40
1.47347300685549e-40
2.2571765368391e-40
1.98086068104386e-41
1.69265170571816e-41
4.70977337207205e-41
3.10930624825648e-29
2.81533885731164e-39
2.07478213785721e-41
1.05437637208294e-39
1.79674823110352e-41
2.71791455743732e-39
5.99748368406917e-38
1.71852606414431e-41
4.90764915415672e-39
1.00078401159253e-39
2.30283255433563e-40
1.71110286587946e-41
2.83809791497132e-39
2.02973254963607e-41
2.36118300539734e-36
1.64887276681682e-41
2.0426652800905e-41
5.78078636402062e-41
1.74334411233197e-41
5.09529436530986e-41
4.88788928130408e-41
1.95266173169754e-41
1.92738205941034e-41
9.90503634414816e-40
1.88599500840648e-41
3.88818396020356e-41
6.92459090153074e-09
4.82073388874436e-27
5.28022730915503e-41
5.23158967700439e-41
4.93019149566141e-40
1.14813310879089e-40
1.90286033959419e-41
6.61646654340244e-39
1.58662749212427e-41
2.78147466393671e-39
4.34662758068066e-40
5.91326262922372e-40
2.6946703190876e-33
5.72959293220286e-40
1.00538214510196e-40
2.02854266163956e-40
1.87886842510298e-40
1.56914973620474e-41
5.59508213278336e-39
1.1133077517346e-40
3.07641236645286e-40
1.97967815016595e-41
1.57958672842749e-41
1.44693062245688e-39
3.33795435335627e-38
7.51042759775182e-41
4.29793112352421e-38
1.3362860431273e-40
1.40210254430288e-38
1.01483207450153e-37
5.14306654802457e-41
6.83194814856476e-41
6.82802033101109e-41
1.26904434107699e-40
2.88954858967564e-39
1.84110523109371e-40
1.33208751288109e-40
1.23514058738121e-30
1.53592276232013e-40
1.54311606437459e-40
1.89904346326179e-41
2.30164469170761e-41
8.95969384341198e-41
2.09691683561355e-40
7.67099635898339e-38
1.02105332443095e-37
9.38994559218631e-38
2.06505460103361e-36
2.33703685133101e-34
2.1598929185652e-41
4.91830836507111e-29
4.55744020040575e-41
1.73141050236889e-36
1.54717887070984e-41
7.4110691804473e-41
4.09114008730228e-39
1.32302961774849e-40
1.63476415438731e-32
4.16210800387616e-20
2.59733320771584e-25
2.23182391652235e-41
2.23182391652235e-41
1.68531785992818e-41
1.72770932493578e-41
3.18433568681737e-22
2.59635457528876e-41
2.67603043631766e-41
2.10609811547667e-39
2.66038424013824e-41
2.65658573724675e-41
4.24308160363321e-11
2.808841396545e-41
8.348174448143e-22
3.3534536445002e-22
9.20148019456678e-22
2.57877908303074e-41
2.03376521944959e-39
7.06508505506834e-22
8.40818047136062e-22
3.52662227256022e-22
2.65799869400682e-41
3.44855328330391e-11
4.86613279844578e-24
5.16399409141881e-22
6.47623666117655e-22
5.84630816642547e-24
3.35436634041946e-22
4.09602017217606e-41
8.83996279505515e-34
9.4557414442914e-34
0
9.70850393067754e-28
8.6129979075944e-19
3.38334099369747e-22
1.82913809147213e-20
3.19877838521491e-22
5.67589813374898e-10
5.31059605743215e-24
1.55714007561763e-41
4.35098406343214e-32
5.31379967064693e-39
7.48211342771606e-09
5.90656740922644e-18
2.94555514073739e-33
1.61171645246803e-17
5.39856364410342e-19
5.39856364410342e-19
5.39856364410342e-19
2.23300480987532e-39
6.82454188894102e-18
4.97089253220046e-22
5.30547314528361e-40
6.53512937635635e-18
5.3427456194506e-17
1.35656590261328e-22
0
1.26737930350888e-09
1.44252469798288e-09
5.13263196182677e-40
0
9.30970841787516e-39
1.23088188692827e-10
6.09326065069117e-29
7.01776004616899e-41
1.6074927071146e-39
9.97556098207792e-41
7.07232342932143e-41
3.67230457798888e-36
1.49667320138457e-41
1.70682305434392e-41
1.60132410238611e-41
1.64506182858936e-40
1.5220923218972e-41
3.14697817894018e-41
1.64278723277087e-41
3.17570443618442e-32
4.33696303127021e-39
5.3208286197595e-41
1.13871623420534e-36
4.0022301363532e-41
4.13672720333817e-41
3.15654667249276e-41
1.80713284652694e-41
4.22289648444681e-41
3.44755246167664e-41
4.07826382467021e-41
4.077418223967e-41
4.07878728095017e-41
2.41597514280224e-41
1.62693409794332e-41
2.34420766007843e-41
1.62745751044163e-41
4.0396462659736e-41
3.91013127107051e-41
3.68546866999139e-41
1.64001039588637e-41
4.01647307484894e-41
3.93466929440168e-41
4.05140808746899e-41
4.00019993335135e-41
4.03547052655966e-41
3.96723530003008e-41
4.01185844812168e-41
3.9910806378295e-41
1.52497855300259e-41
2.45071502099693e-41
2.45037376750326e-41
3.7089853318003e-41
2.41995885376381e-41
2.39063029178767e-41
2.62907129762816e-41
2.66153718050484e-41
2.31018321498029e-39
2.17152434473721e-39
1.61388640594841e-31
6.07116412304699e-41
6.1951849284665e-41
1.83011373061587e-18
9.19318499353203e-41
3.87196636914756e-38
1.84430721058399e-41
3.14589854678324e-41
1.89806438242888e-36
2.39781483337987e-36
1.265455814058e-40
2.92544774605903e-41
3.65366352443089e-36
8.82162562516605e-41
2.87104836580723e-41
1.30896542644139e-40
6.78399926198669e-41
3.26059609471735e-36
9.15741979598841e-41
1.2934653902112e-39
1.60822571349101e-40
1.09358615413216e-35
1.59400291285015e-40
1.45016071232756e-40
1.82579892327311e-41
3.33261893148473e-33
2.2671137855474e-40
1.77288734482771e-33
3.16853949290675e-41
6.22245792133725e-41
2.4858204000423e-40
2.56539830076161e-40
2.67382087247613e-40
1.57597094962046e-41
2.46193061124702e-40
2.58712278010245e-40
2.42321601287187e-40
3.46237207280045e-31
1.37289715712808e-32
3.97084723171819e-33
3.66072412718983e-41
1.17729815021792e-40
1.55727277875391e-41
3.29016450693285e-38
4.48103525747836e-34
1.08998893429878e-40
4.00997268122647e-40
3.99004160682375e-41
7.63364094685845e-40
1.78759994385407e-41
4.84971725325608e-41
1.78170888725579e-37
3.57725198989517e-41
6.98762114862817e-41
9.84186453279027e-41
1.78808739424945e-34
9.28040853316368e-40
3.09176220847207e-39
6.4298978466162e-41
1.26821046604606e-39
8.61134520085466e-40
1.7354809709044e-41
1.40981755991677e-39
2.92635232911352e-41
2.3376616931184e-39
6.56301328199667e-39
2.72466044293965e-30
1.41860625801387e-38
5.39646261698737e-40
3.00500143448044e-38
1.57012124918166e-41
3.21702197022306e-38
2.05423500817823e-31
4.20583808412441e-40
3.94916662693408e-41
5.57565691148012e-38
5.38918889632934e-40
6.86738439749346e-40
3.75381237088989e-40
3.10362872838443e-40
3.57820148526573e-40
2.18455170590918e-41
1.33520675116473e-32
1.03400364935287e-39
1.33457052747062e-32
8.34262099339822e-38
2.42657039716866e-38
5.42441221047571e-38
2.92512993776909e-38
8.17664519503251e-40
1.94139653649006e-39
3.68997206297292e-41
2.04339563613957e-39
7.4039275428893e-36
1.70613706099681e-41
4.84043307644448e-19
2.13604912638285e-28
1.51388910644913e-41
2.8839153295116e-36
2.86518971908934e-40
3.23963298410374e-36
3.25560119054798e-39
0
6.73507303566333e-41
3.1713695322692e-36
1.53358809358477e-41
7.93033332400873e-41
4.93513019150216e-40
3.20013572735675e-36
1.90839465764978e-26
3.58105530804027e-29
1.22666441762264e-26
1
0
2.54868747255937e-36
1.72243225229466e-27
4.96661630666139e-40
1.52713532975273e-30
1.23086392268625e-19
5.07538258810737e-40
1.71758529700642e-40
1.97383845534568e-41
3.6867716097495e-19
2.35564388775801e-19
1.75700179313884e-28
0
4.72583357450599e-40
1.41132045306169e-29
9.8045816206173e-08
9.51348850429986e-30
3.98714360513209e-39
9.42968977781316e-36
